C28982	4929	4931	100	C28982	4574	5405	2
C32984	5070	5072	-100	C32984	4842	7801	2
C33708	8307	8309	100	C33708	7979	8640	2
C34158	8559	8561	100	C34158	6681	9690	2
scaffold100	645217	645219	-100	scaffold100	644441	646611	2
scaffold100	676764	676766	100	scaffold100	676745	677813	2
scaffold1004	438043	438045	-100	scaffold1004	437313	438702	2
scaffold1009	963653	963655	100	scaffold1009	963006	963783	2
scaffold102	107843	107845	-100	scaffold102	107844	108348	1
scaffold102	108199	108201	-100	scaffold102	107844	108348	2
scaffold102	108296	108298	-100	scaffold102	107844	108348	2
scaffold102	1287048	1287050	100	scaffold102	1285994	1287317	2
scaffold1024	215501	215503	100	scaffold1024	212947	218830	2
scaffold1024	1308344	1308346	100	scaffold1024	1306362	1312891	2
scaffold1024	1343499	1343501	100	scaffold1024	1343115	1346787	2
scaffold1031	425965	425967	100	scaffold1031	422455	432133	2
scaffold1037	361688	361690	-100	scaffold1037	361214	362203	2
scaffold1037	361706	361708	-100	scaffold1037	361214	362203	2
scaffold1037	367553	367555	-100	scaffold1037	366787	369746	2
scaffold1045	80799	80801	100	scaffold1045	80371	81491	2
scaffold1050	80914	80916	100	scaffold1050	77804	85836	2
scaffold1050	212929	212931	100	scaffold1050	211693	213164	2
scaffold1054	219083	219085	100	scaffold1054	219003	219687	2
scaffold107	1026788	1026790	-100	scaffold107	1026298	1027230	2
scaffold1086	399467	399469	-100	scaffold1086	398667	399842	2
scaffold1086	483745	483747	-100	scaffold1086	481939	484235	2
scaffold1094	672947	672949	-100	scaffold1094	672377	674689	2
scaffold1097	273389	273391	100	scaffold1097	272359	276167	2
scaffold110	147528	147530	100	scaffold110	146592	148525	2
scaffold1101	429441	429443	100	scaffold1101	429045	431394	2
scaffold1108	243090	243092	100	scaffold1108	243090	243682	2
scaffold1117	37997	37999	100	scaffold1117	37218	39063	2
scaffold1117	38325	38327	100	scaffold1117	37218	39063	2
scaffold1125	48049	48051	100	scaffold1125	47553	48315	2
scaffold1128	4983	4985	-100	scaffold1128	3745	9937	2
scaffold1132	108651	108653	-100	scaffold1132	105233	109276	2
scaffold1154	154046	154048	-100	scaffold1154	134465	174118	2
scaffold1154	648536	648538	100	scaffold1154	648123	649474	2
scaffold1160	55394	55396	100	scaffold1160	54864	55623	2
scaffold1179	184426	184428	100	scaffold1179	172123	188663	2
scaffold1179	523875	523877	100	scaffold1179	515768	527268	2
scaffold1179	1334133	1334135	-100	scaffold1179	1334112	1338777	2
scaffold1180	50199	50201	-100	scaffold1180	47566	51312	2
scaffold1188	544056	544058	-100	scaffold1188	541768	545518	2
scaffold1189	326890	326892	-100	scaffold1189	326811	328093	2
scaffold1191	103584	103586	-100	scaffold1191	102879	121093	2
scaffold1195	96865	96867	100	scaffold1195	79677	98120	2
scaffold1199	128931	128933	100	scaffold1199	128619	134493	2
scaffold1213	85272	85274	100	scaffold1213	84928	85748	2
scaffold1213	1067713	1067715	-100	scaffold1213	1067079	1072296	2
scaffold1219	184140	184142	-100	scaffold1219	183054	186954	2
scaffold1241	17048	17050	100	scaffold1241	15474	17296	2
scaffold1241	259570	259572	100	scaffold1241	258076	261792	2
scaffold1249	210763	210765	100	scaffold1249	210302	212286	2
scaffold1258	236457	236459	100	scaffold1258	236379	238105	2
scaffold1258	772673	772675	-100	scaffold1258	771892	777569	2
scaffold126	579856	579858	-100	scaffold126	579740	580645	2
scaffold126	580181	580183	-100	scaffold126	579740	580645	2
scaffold1262	141655	141657	100	scaffold1262	140548	146553	2
scaffold1277	75340	75342	-100	scaffold1277	75186	75809	2
scaffold1288	104654	104656	100	scaffold1288	102465	107812	2
scaffold13	101812	101814	-100	scaffold13	100243	101931	2
scaffold13	101812	101814	-100	scaffold13	100243	101931	2
scaffold13	101813	101815	-100	scaffold13	100243	101931	2
scaffold13	101813	101815	-100	scaffold13	100243	101931	2
scaffold1301	958700	958702	-100	scaffold1301	956426	960686	2
scaffold1307	434978	434980	100	scaffold1307	433229	435706	2
scaffold1307	434978	434980	100	scaffold1307	433229	435706	2
scaffold1307	625159	625161	-100	scaffold1307	624317	625425	2
scaffold132	23964	23966	100	scaffold132	22889	25699	2
scaffold1322	455783	455785	-100	scaffold1322	453588	455971	2
scaffold1324	504839	504841	100	scaffold1324	504479	521825	2
scaffold1358	264637	264639	100	scaffold1358	264423	265473	2
scaffold1389	19362	19364	-100	scaffold1389	18813	19396	2
scaffold1404	32651	32653	100	scaffold1404	32652	33291	1
scaffold1409	351501	351503	-100	scaffold1409	351436	352562	2
scaffold1423	463297	463299	100	scaffold1423	460739	468526	2
scaffold1423	581894	581896	-100	scaffold1423	579904	582992	2
scaffold144	438256	438258	-100	scaffold144	436758	438600	2
scaffold1445	137638	137640	-100	scaffold1445	131629	140691	2
scaffold1445	137922	137924	-100	scaffold1445	131629	140691	2
scaffold145	388000	388002	-100	scaffold145	387151	388002	2
scaffold145	1157968	1157970	100	scaffold145	1156098	1159640	2
scaffold1462	240563	240565	-100	scaffold1462	240289	241705	2
scaffold149	903350	903352	100	scaffold149	899947	905419	2
scaffold150	1059829	1059831	100	scaffold150	1056252	1061477	2
scaffold150	1706374	1706376	-100	scaffold150	1700628	1706423	2
scaffold1508	64118	64120	-100	scaffold1508	62442	64147	2
scaffold1512	497549	497551	100	scaffold1512	494985	500101	2
scaffold1512	497780	497782	-100	scaffold1512	494985	500101	2
scaffold1512	594692	594694	-100	scaffold1512	594623	595159	2
scaffold1518	102334	102336	100	scaffold1518	102335	107888	1
scaffold156	346165	346167	-100	scaffold156	344060	348221	2
scaffold156	957299	957301	100	scaffold156	956154	957861	2
scaffold156	962509	962511	-100	scaffold156	958950	964388	2
scaffold156	962561	962563	-100	scaffold156	958950	964388	2
scaffold157	293155	293157	100	scaffold157	293066	294141	2
scaffold1571	128741	128743	100	scaffold1571	127039	129105	2
scaffold1597	63612	63614	100	scaffold1597	63567	66063	2
scaffold1603	184271	184273	100	scaffold1603	183757	187976	2
scaffold1608	146852	146854	100	scaffold1608	145303	147576	2
scaffold1616	195425	195427	100	scaffold1616	195198	203019	2
scaffold1616	198913	198915	100	scaffold1616	195198	203019	2
scaffold1625	44720	44722	-100	scaffold1625	43698	45625	2
scaffold1630	207901	207903	-100	scaffold1630	206069	208059	2
scaffold1665	348569	348571	100	scaffold1665	348368	352360	2
scaffold1670	78137	78139	-100	scaffold1670	74951	87984	2
scaffold1670	82557	82559	100	scaffold1670	74951	87984	2
scaffold1671	165297	165299	100	scaffold1671	163113	165656	2
scaffold1671	247765	247767	-100	scaffold1671	246690	251346	2
scaffold1671	250596	250598	100	scaffold1671	246690	251346	2
scaffold1690	29959	29961	-100	scaffold1690	25159	33006	2
scaffold1711	8682	8684	100	scaffold1711	8683	9488	1
scaffold1726	339151	339153	100	scaffold1726	337877	340729	2
scaffold1726	371952	371954	-100	scaffold1726	371766	372568	2
scaffold1735	25054	25056	-100	scaffold1735	24588	25925	2
scaffold1774	66117	66119	100	scaffold1774	65219	66662	2
scaffold1788	295445	295447	-100	scaffold1788	294958	296415	2
scaffold1788	422793	422795	100	scaffold1788	421431	423166	2
scaffold1800	57861	57863	100	scaffold1800	56514	58813	2
scaffold1801	13180	13182	-100	scaffold1801	12690	13417	2
scaffold1801	18657	18659	-100	scaffold1801	18189	23685	2
scaffold1803	248665	248667	100	scaffold1803	247422	249562	2
scaffold1804	202383	202385	100	scaffold1804	199180	213867	2
scaffold1817	108982	108984	100	scaffold1817	103761	121879	2
scaffold1817	111414	111416	100	scaffold1817	103761	121879	2
scaffold1821	146021	146023	-100	scaffold1821	145200	146241	2
scaffold1827	117295	117297	-100	scaffold1827	116992	121660	2
scaffold1838	291656	291658	-100	scaffold1838	290320	293466	2
scaffold1843	15680	15682	100	scaffold1843	15054	16280	2
scaffold1843	28003	28005	100	scaffold1843	27934	29273	2
scaffold1843	28745	28747	100	scaffold1843	27934	29273	2
scaffold1848	64060	64062	100	scaffold1848	63856	65432	2
scaffold1850	196439	196441	100	scaffold1850	196277	198505	2
scaffold1857	95859	95861	100	scaffold1857	93549	98506	2
scaffold1857	374225	374227	-100	scaffold1857	371593	382689	2
scaffold1857	507441	507443	-100	scaffold1857	505270	507478	2
scaffold1858	56406	56408	100	scaffold1858	55960	62589	2
scaffold1860	157300	157302	-100	scaffold1860	156525	163782	2
scaffold1874	16511	16513	100	scaffold1874	15321	17006	2
scaffold189	72397	72399	100	scaffold189	71153	75402	2
scaffold1890	109474	109476	100	scaffold1890	104479	116033	2
scaffold192	316931	316933	-100	scaffold192	315230	322215	2
scaffold192	316931	316933	-100	scaffold192	315230	322215	2
scaffold192	316932	316934	-100	scaffold192	315230	322215	2
scaffold192	316932	316934	-100	scaffold192	315230	322215	2
scaffold192	317718	317720	-100	scaffold192	315230	322215	2
scaffold194	157902	157904	-100	scaffold194	153528	162165	2
scaffold194	163348	163350	100	scaffold194	162795	163887	2
scaffold194	184467	184469	-100	scaffold194	182874	185625	2
scaffold20	110822	110824	100	scaffold20	110360	111470	2
scaffold204	531365	531367	100	scaffold204	515985	531516	2
scaffold204	733892	733894	-100	scaffold204	733250	733893	1
scaffold211	754715	754717	-100	scaffold211	742840	756518	2
scaffold22	1678759	1678761	100	scaffold22	1676777	1679208	2
scaffold227	187559	187561	100	scaffold227	185850	192597	2
scaffold237	270323	270325	100	scaffold237	269960	270883	2
scaffold257	104861	104863	100	scaffold257	104395	107433	2
scaffold257	105151	105153	100	scaffold257	104395	107433	2
scaffold257	105186	105188	100	scaffold257	104395	107433	2
scaffold257	134900	134902	100	scaffold257	132591	135863	2
scaffold258	549090	549092	100	scaffold258	547373	550829	2
scaffold288	633290	633292	100	scaffold288	616926	640125	2
scaffold288	637824	637826	-100	scaffold288	616926	640125	2
scaffold3	223880	223882	-100	scaffold3	214284	226369	2
scaffold3	885906	885908	100	scaffold3	885563	886533	2
scaffold3	909526	909528	-100	scaffold3	908902	909545	2
scaffold301	269280	269282	100	scaffold301	268115	271876	2
scaffold301	1064031	1064033	100	scaffold301	1062464	1066327	2
scaffold304	368563	368565	100	scaffold304	368090	371887	2
scaffold308	100786	100788	-100	scaffold308	100004	104162	2
scaffold308	108209	108211	-100	scaffold308	107629	109334	2
scaffold315	585285	585287	-100	scaffold315	584554	585646	2
scaffold315	610944	610946	-100	scaffold315	610695	611430	2
scaffold321	20747	20749	100	scaffold321	20400	20962	2
scaffold321	318842	318844	100	scaffold321	318485	319983	2
scaffold334	506323	506325	100	scaffold334	500940	525642	2
scaffold334	629204	629206	100	scaffold334	628887	630046	2
scaffold337	757486	757488	100	scaffold337	757462	765255	2
scaffold34088	7645	7647	-100	scaffold34088	4605	9900	2
scaffold34682	10337	10339	100	scaffold34682	10338	10897	1
scaffold34682	10476	10478	100	scaffold34682	10338	10897	2
scaffold347	222335	222337	100	scaffold347	217587	225405	2
scaffold347	222335	222337	100	scaffold347	217587	225405	2
scaffold347	222336	222338	100	scaffold347	217587	225405	2
scaffold347	222336	222338	100	scaffold347	217587	225405	2
scaffold35286	17331	17333	100	scaffold35286	16914	17430	2
scaffold354	290358	290360	-100	scaffold354	289052	290582	2
scaffold354	290379	290381	-100	scaffold354	289052	290582	2
scaffold354	290387	290389	-100	scaffold354	289052	290582	2
scaffold354	512367	512369	100	scaffold354	511557	523794	2
scaffold36094	11678	11680	-100	scaffold36094	11020	13889	2
scaffold361	158645	158647	-100	scaffold361	158221	159383	2
scaffold361	302333	302335	-100	scaffold361	301872	317589	2
scaffold36314	20827	20829	100	scaffold36314	10566	29035	2
scaffold364	565787	565789	100	scaffold364	565489	566315	2
scaffold36462	28206	28208	-100	scaffold36462	27933	31106	2
scaffold365	433878	433880	-100	scaffold365	432155	434565	2
scaffold36674	34214	34216	-100	scaffold36674	32169	34216	2
scaffold36862	13741	13743	-100	scaffold36862	13346	13849	2
scaffold36886	29769	29771	100	scaffold36886	29117	30228	2
scaffold370	420529	420531	-100	scaffold370	419556	422416	2
scaffold370	652930	652932	100	scaffold370	644483	654356	2
scaffold37002	18891	18893	100	scaffold37002	17961	21882	2
scaffold37002	20786	20788	100	scaffold37002	17961	21882	2
scaffold376	491556	491558	-100	scaffold376	491378	491975	2
scaffold377	122494	122496	100	scaffold377	117183	124023	2
scaffold38256	51289	51291	-100	scaffold38256	50666	51386	2
scaffold383	677859	677861	-100	scaffold383	677291	684197	2
scaffold38510	48976	48978	100	scaffold38510	46684	56442	2
scaffold386	309573	309575	100	scaffold386	301473	320853	2
scaffold38944	28629	28631	-100	scaffold38944	28356	30558	2
scaffold39142	61766	61768	100	scaffold39142	61064	61768	2
scaffold39142	61766	61768	100	scaffold39142	61064	61768	2
scaffold39142	61767	61769	100	scaffold39142	61064	61768	1
scaffold39142	61767	61769	100	scaffold39142	61064	61768	1
scaffold39198	59292	59294	100	scaffold39198	57938	61747	2
scaffold392	258123	258125	100	scaffold392	256613	300780	2
scaffold39526	4706	4708	100	scaffold39526	4342	7722	2
scaffold40184	33716	33718	-100	scaffold40184	24122	36796	2
scaffold40184	34038	34040	-100	scaffold40184	24122	36796	2
scaffold402	456619	456621	100	scaffold402	438622	462352	2
scaffold40420	27334	27336	100	scaffold40420	26922	30013	2
scaffold40548	66359	66361	100	scaffold40548	66356	67048	2
scaffold406	432218	432220	-100	scaffold406	429260	436628	2
scaffold408	405119	405121	-100	scaffold408	405119	406129	2
scaffold408	448071	448073	-100	scaffold408	448003	448826	2
scaffold408	448158	448160	-100	scaffold408	448003	448826	2
scaffold40910	86125	86127	-100	scaffold40910	85953	98910	2
scaffold40916	62873	62875	100	scaffold40916	62353	64062	2
scaffold41136	51038	51040	100	scaffold41136	14972	52402	2
scaffold412	273982	273984	100	scaffold412	273854	275432	2
scaffold41400	58346	58348	-100	scaffold41400	57625	59210	2
scaffold41400	60195	60197	100	scaffold41400	59823	61736	2
scaffold41400	64072	64074	100	scaffold41400	62804	65550	2
scaffold41522	26154	26156	100	scaffold41522	19178	32798	2
scaffold41534	20430	20432	-100	scaffold41534	19993	21355	2
scaffold41534	38031	38033	100	scaffold41534	36175	39144	2
scaffold41534	39494	39496	100	scaffold41534	39280	40339	2
scaffold41540	30184	30186	100	scaffold41540	29712	30417	2
scaffold41588	34400	34402	100	scaffold41588	33832	36638	2
scaffold41656	100483	100485	-100	scaffold41656	100396	101873	2
scaffold41792	6083	6085	100	scaffold41792	4152	7966	2
scaffold41896	2964	2966	100	scaffold41896	2392	3708	2
scaffold41998	112429	112431	100	scaffold41998	109759	113401	2
scaffold42	198385	198387	-100	scaffold42	198264	199310	2
scaffold42158	46988	46990	-100	scaffold42158	42745	48031	2
scaffold42236	79598	79600	-100	scaffold42236	79126	80757	2
scaffold42246	26199	26201	100	scaffold42246	25934	32137	2
scaffold42366	119281	119283	100	scaffold42366	118241	119750	2
scaffold42380	153243	153245	100	scaffold42380	152468	157707	2
scaffold42448	73045	73047	-100	scaffold42448	71272	73193	2
scaffold42486	17395	17397	100	scaffold42486	14833	22336	2
scaffold42508	140832	140834	100	scaffold42508	138395	147107	2
scaffold42524	18204	18206	100	scaffold42524	18204	19283	2
scaffold42634	67016	67018	-100	scaffold42634	66933	72286	2
scaffold42684	152931	152933	100	scaffold42684	149739	153995	2
scaffold42776	63642	63644	-100	scaffold42776	62520	68785	2
scaffold42776	63642	63644	-100	scaffold42776	62520	68785	2
scaffold42776	63643	63645	-100	scaffold42776	62520	68785	2
scaffold42776	63643	63645	-100	scaffold42776	62520	68785	2
scaffold42776	63696	63698	100	scaffold42776	62520	68785	2
scaffold42894	17507	17509	-100	scaffold42894	17503	18480	2
scaffold42904	105177	105179	100	scaffold42904	104548	109187	2
scaffold43028	209510	209512	100	scaffold43028	208097	209517	2
scaffold43108	15179	15181	100	scaffold43108	13207	15213	2
scaffold43108	34154	34156	-100	scaffold43108	33774	34341	2
scaffold43116	81040	81042	-100	scaffold43116	79043	83291	2
scaffold43116	81040	81042	-100	scaffold43116	79043	83291	2
scaffold43184	175852	175854	-100	scaffold43184	173000	180001	2
scaffold43290	30755	30757	100	scaffold43290	30083	31761	2
scaffold43314	222825	222827	100	scaffold43314	221556	224140	2
scaffold43442	11496	11498	-100	scaffold43442	10939	11848	2
scaffold43520	78962	78964	100	scaffold43520	71878	79030	2
scaffold43574	233194	233196	100	scaffold43574	233195	233752	1
scaffold43664	243507	243509	100	scaffold43664	243008	243784	2
scaffold43664	258686	258688	100	scaffold43664	251842	260879	2
scaffold43782	274207	274209	100	scaffold43782	274060	275618	2
scaffold43782	274316	274318	100	scaffold43782	274060	275618	2
scaffold43842	92236	92238	100	scaffold43842	91358	92238	2
scaffold43842	93031	93033	100	scaffold43842	93013	95461	2
scaffold43842	93062	93064	100	scaffold43842	93013	95461	2
scaffold43878	343347	343349	100	scaffold43878	343156	346213	2
scaffold43920	92057	92059	100	scaffold43920	91406	93273	2
scaffold43956	323653	323655	100	scaffold43956	309426	325475	2
scaffold43986	139098	139100	-100	scaffold43986	137890	139774	2
scaffold44	441706	441708	100	scaffold44	441707	443234	1
scaffold443	312701	312703	100	scaffold443	308832	318029	2
scaffold466	4797	4799	100	scaffold466	3491	5061	2
scaffold471	123609	123611	100	scaffold471	123372	124321	2
scaffold471	123609	123611	100	scaffold471	123372	124321	2
scaffold475	8452	8454	100	scaffold475	8352	9887	2
scaffold48	563597	563599	100	scaffold48	562723	563870	2
scaffold481	722098	722100	100	scaffold481	721404	722323	2
scaffold481	1081971	1081973	-100	scaffold481	1080260	1082119	2
scaffold483	147374	147376	100	scaffold483	147025	147562	2
scaffold484	103352	103354	100	scaffold484	102821	106399	2
scaffold485	488245	488247	100	scaffold485	487285	489812	2
scaffold5	245281	245283	100	scaffold5	242795	254900	2
scaffold500	94133	94135	100	scaffold500	94001	95367	2
scaffold503	102546	102548	100	scaffold503	102547	104040	1
scaffold504	249044	249046	100	scaffold504	247253	252440	2
scaffold507	75303	75305	100	scaffold507	74570	77848	2
scaffold510	220645	220647	100	scaffold510	219200	220719	2
scaffold522	357974	357976	-100	scaffold522	357927	359394	2
scaffold527	146122	146124	100	scaffold527	135017	155755	2
scaffold527	451491	451493	-100	scaffold527	451196	451893	2
scaffold54	238844	238846	100	scaffold54	237982	239333	2
scaffold54	238845	238847	100	scaffold54	237982	239333	2
scaffold54	465990	465992	100	scaffold54	463041	475435	2
scaffold560	126990	126992	100	scaffold560	126589	127249	2
scaffold569	20108	20110	100	scaffold569	19801	20327	2
scaffold57	251019	251021	-100	scaffold57	244247	255950	2
scaffold57	511346	511348	100	scaffold57	482749	513147	2
scaffold575	45212	45214	-100	scaffold575	44633	45213	1
scaffold576	266611	266613	-100	scaffold576	265810	267355	2
scaffold583	705040	705042	100	scaffold583	704935	706736	2
scaffold592	4472	4474	100	scaffold592	4230	5170	2
scaffold592	127049	127051	100	scaffold592	126102	127123	2
scaffold592	127075	127077	100	scaffold592	126102	127123	2
scaffold592	127075	127077	100	scaffold592	126102	127123	2
scaffold592	127076	127078	100	scaffold592	126102	127123	2
scaffold592	127076	127078	100	scaffold592	126102	127123	2
scaffold6	314217	314219	-100	scaffold6	308676	314546	2
scaffold601	312397	312399	100	scaffold601	303488	318218	2
scaffold606	242796	242798	100	scaffold606	242537	243173	2
scaffold610	474349	474351	100	scaffold610	473222	479386	2
scaffold610	491044	491046	100	scaffold610	489172	492220	2
scaffold616	418343	418345	100	scaffold616	417729	418580	2
scaffold617	208477	208479	100	scaffold617	208242	208760	2
scaffold625	635108	635110	100	scaffold625	634119	638074	2
scaffold625	635111	635113	100	scaffold625	634119	638074	2
scaffold625	834608	834610	-100	scaffold625	810701	838069	2
scaffold640	94044	94046	-100	scaffold640	91561	99990	2
scaffold647	59192	59194	-100	scaffold647	50041	62716	2
scaffold658	120105	120107	-100	scaffold658	119927	121047	2
scaffold67	85333	85335	-100	scaffold67	81569	85955	2
scaffold70	188564	188566	100	scaffold70	188487	195880	2
scaffold70	905002	905004	-100	scaffold70	904608	905285	2
scaffold723	249486	249488	100	scaffold723	243099	269229	2
scaffold726	78919	78921	-100	scaffold726	77846	78921	2
scaffold730	454564	454566	100	scaffold730	437043	458183	2
scaffold743	78323	78325	100	scaffold743	78241	79809	2
scaffold765	223039	223041	100	scaffold765	222350	224124	2
scaffold765	245635	245637	-100	scaffold765	244127	249510	2
scaffold767	343589	343591	100	scaffold767	343573	351334	2
scaffold77	181067	181069	100	scaffold77	177168	181351	2
scaffold77	1269384	1269386	100	scaffold77	1268513	1273015	2
scaffold771	123347	123349	-100	scaffold771	122618	126603	2
scaffold786	41647	41649	100	scaffold786	41487	42246	2
scaffold793	32208	32210	-100	scaffold793	30430	34176	2
scaffold799	6483	6485	100	scaffold799	5879	9785	2
scaffold801	227026	227028	100	scaffold801	219903	228436	2
scaffold808	421426	421428	100	scaffold808	412162	433046	2
scaffold817	7467	7469	100	scaffold817	7264	8062	2
scaffold833	144809	144811	100	scaffold833	144177	145856	2
scaffold839	53673	53675	100	scaffold839	42979	58175	2
scaffold853	159874	159876	100	scaffold853	156450	162142	2
scaffold853	366062	366064	-100	scaffold853	364990	368470	2
scaffold854	63173	63175	100	scaffold854	62518	63472	2
scaffold854	143643	143645	100	scaffold854	140782	144602	2
scaffold857	20028	20030	100	scaffold857	19261	20401	2
scaffold857	20028	20030	100	scaffold857	19261	20401	2
scaffold857	20029	20031	100	scaffold857	19261	20401	2
scaffold857	20029	20031	100	scaffold857	19261	20401	2
scaffold880	169591	169593	100	scaffold880	156159	174056	2
scaffold884	36972	36974	-100	scaffold884	36526	38617	2
scaffold885	1026228	1026230	100	scaffold885	1021458	1027510	2
scaffold890	56122	56124	100	scaffold890	55609	61313	2
scaffold892	27358	27360	-100	scaffold892	27326	30693	2
scaffold896	82636	82638	-100	scaffold896	80648	83725	2
scaffold914	233693	233695	100	scaffold914	233269	236601	2
scaffold916	39259	39261	-100	scaffold916	38917	42348	2
scaffold948	268250	268252	100	scaffold948	239879	280210	2
scaffold951	27105	27107	100	scaffold951	25455	33540	2
scaffold973	641204	641206	100	scaffold973	634711	648096	2
scaffold977	186291	186293	100	scaffold977	182282	186346	2
scaffold985	23202	23204	100	scaffold985	23135	24584	2
scaffold985	23204	23206	100	scaffold985	23135	24584	2
scaffold985	23474	23476	100	scaffold985	23135	24584	2
scaffold985	23474	23476	100	scaffold985	23135	24584	2
scaffold985	23475	23477	100	scaffold985	23135	24584	2
scaffold985	23475	23477	100	scaffold985	23135	24584	2
scaffold993	145277	145279	-100	scaffold993	142681	146005	2
