C22384	1328	1330	-100
C22628	1621	1623	100
C29914	4052	4054	-100
C29914	4052	4054	-100
C29976	649	651	-100
C30322	3482	3484	-100
C30322	3599	3601	-100
C32984	5070	5072	-100
scaffold1017	395465	395467	100
scaffold1024	1343499	1343501	100
scaffold1045	101886	101888	100
scaffold1077	447948	447950	100
scaffold1117	37997	37999	100
scaffold1117	38325	38327	100
scaffold1132	108651	108653	-100
scaffold1163	90274	90276	-100
scaffold1164	340303	340305	-100
scaffold1164	340325	340327	-100
scaffold1164	340334	340336	-100
scaffold1164	340357	340359	-100
scaffold1164	340365	340367	-100
scaffold1189	326890	326892	-100
scaffold1213	85272	85274	100
scaffold1213	1067713	1067715	-100
scaffold1222	271374	271376	-100
scaffold123	265686	265688	100
scaffold1277	75340	75342	-100
scaffold1282	67298	67300	-100
scaffold13	101812	101814	-100
scaffold13	101812	101814	-100
scaffold13	101813	101815	-100
scaffold13	101813	101815	-100
scaffold1307	625159	625161	-100
scaffold1316	417522	417524	100
scaffold1360	354113	354115	-100
scaffold140	608424	608426	-100
scaffold1404	32651	32653	100
scaffold1423	463297	463299	100
scaffold144	438256	438258	-100
scaffold150	1059829	1059831	100
scaffold1532	1264976	1264978	-100
scaffold1559	79825	79827	-100
scaffold1559	79840	79842	-100
scaffold1597	63612	63614	100
scaffold1608	146852	146854	100
scaffold1625	44720	44722	-100
scaffold1630	207901	207903	-100
scaffold1662	57875	57877	100
scaffold1741	97454	97456	-100
scaffold1750	400398	400400	-100
scaffold1780	218458	218460	-100
scaffold1780	218463	218465	-100
scaffold1786	135704	135706	-100
scaffold1817	108982	108984	100
scaffold1817	111414	111416	100
scaffold1836	428125	428127	-100
scaffold1836	428479	428481	-100
scaffold1836	429537	429539	-100
scaffold1836	429554	429556	-100
scaffold1843	15680	15682	100
scaffold1843	28745	28747	100
scaffold1857	95859	95861	100
scaffold192	316931	316933	-100
scaffold192	316931	316933	-100
scaffold192	316932	316934	-100
scaffold192	316932	316934	-100
scaffold192	317718	317720	-100
scaffold20	583889	583891	-100
scaffold20	584075	584077	-100
scaffold20	584077	584079	-100
scaffold210	336511	336513	-100
scaffold211	216556	216558	100
scaffold22	284968	284970	100
scaffold237	270323	270325	100
scaffold257	134900	134902	100
scaffold280	909458	909460	-100
scaffold3	885906	885908	100
scaffold3	909526	909528	-100
scaffold3	1335826	1335828	-100
scaffold301	1064031	1064033	100
scaffold32282	11069	11071	-100
scaffold33074	1056	1058	-100
scaffold343	242083	242085	100
scaffold34682	10337	10339	100
scaffold34682	10476	10478	100
scaffold354	290358	290360	-100
scaffold354	290379	290381	-100
scaffold354	290387	290389	-100
scaffold361	158645	158647	-100
scaffold361	302333	302335	-100
scaffold36158	9588	9590	-100
scaffold36158	9594	9596	-100
scaffold36674	34214	34216	-100
scaffold36886	29769	29771	100
scaffold376	270157	270159	-100
scaffold376	491556	491558	-100
scaffold377	122494	122496	100
scaffold377	257675	257677	100
scaffold377	257696	257698	100
scaffold377	257719	257721	100
scaffold377	257721	257723	100
scaffold377	258015	258017	100
scaffold377	258031	258033	100
scaffold377	258384	258386	100
scaffold39142	58111	58113	100
scaffold39142	61766	61768	100
scaffold39142	61766	61768	100
scaffold39142	61767	61769	100
scaffold39142	61767	61769	100
scaffold39198	59292	59294	100
scaffold40184	33716	33718	-100
scaffold40184	34038	34040	-100
scaffold40442	82010	82012	-100
scaffold40928	10209	10211	100
scaffold40928	10218	10220	100
scaffold410	35958	35960	100
scaffold41296	48229	48231	100
scaffold41502	114886	114888	-100
scaffold41540	30184	30186	100
scaffold41652	50393	50395	-100
scaffold41988	95883	95885	100
scaffold42062	141926	141928	100
scaffold42448	73045	73047	-100
scaffold42524	18204	18206	100
scaffold42524	52525	52527	100
scaffold42892	70442	70444	-100
scaffold42892	70442	70444	-100
scaffold42892	70443	70445	-100
scaffold42892	70443	70445	-100
scaffold42892	70462	70464	-100
scaffold42892	70472	70474	-100
scaffold43	85656	85658	-100
scaffold43170	108166	108168	-100
scaffold43314	189880	189882	100
scaffold443	718631	718633	100
scaffold445	542906	542908	100
scaffold445	555085	555087	100
scaffold500	98142	98144	100
scaffold514	158175	158177	100
scaffold524	190205	190207	100
scaffold531	159262	159264	100
scaffold535	188741	188743	-100
scaffold578	263797	263799	100
scaffold58	683015	683017	-100
scaffold6	349715	349717	-100
scaffold606	242796	242798	100
scaffold608	2304	2306	-100
scaffold617	208477	208479	100
scaffold784	663405	663407	100
scaffold786	41647	41649	100
scaffold799	6483	6485	100
scaffold802	401009	401011	-100
scaffold804	49900	49902	-100
scaffold804	49921	49923	-100
scaffold804	364103	364105	-100
scaffold804	365092	365094	-100
scaffold833	144809	144811	100
scaffold853	172907	172909	-100
scaffold914	233693	233695	100
scaffold985	23202	23204	100
scaffold985	23204	23206	100
scaffold985	23474	23476	100
scaffold985	23474	23476	100
scaffold985	23475	23477	100
scaffold985	23475	23477	100
